1086695212713
1086706128084
1084860574838
1084864002526
1085930681899
1084869662666
1086965380736
1085936285252
1085936933379
1085937753405
1084988158381
1084102267577
1086054153843
1084105503317
1084107003906
1087091312927
1087093356079
1087094664235
1086127821099
1087160700255
1086129989214
1086135429154
1085073466509
1087169248154
1087170036588
1086140141086
1084192079619
1086144449314
1087177384195
1084196607030
1084197311629
1087189384287
1086158661540
1086159609569
1084209495706
1086161153597
1085101274890
